1 1 0.48862
1 2 0.49267
1 3 0.49421
1 4 0.49242
1 5 0.49342
1 6 0.49259
1 7 0.49373
1 8 0.49397
1 9 0.49229
1 10 0.49248
2 1 0.44459
2 2 0.45311
2 3 0.46833
2 4 0.45426
2 5 0.45136
2 6 0.44996
2 7 0.44962
2 8 0.45582
2 9 0.45116
2 10 0.47171
3 1 0.43655
3 2 0.43914
3 3 0.43757
3 4 0.43411
3 5 0.42427
3 6 0.43127
3 7 0.42482
3 8 0.43916
3 9 0.43746
3 10 0.42649
4 1 0.42717
4 2 0.42143
4 3 0.41610
4 4 0.42431
4 5 0.43310
4 6 0.42584
4 7 0.42131
4 8 0.42654
4 9 0.43190
4 10 0.42699
5 1 0.42437
5 2 0.44942
5 3 0.39834
5 4 0.41796
5 5 0.42378
5 6 0.42702
5 7 0.41966
5 8 0.42299
5 9 0.40348
5 10 0.41309
6 1 0.41659
6 2 0.43988
6 3 0.43631
6 4 0.41709
6 5 0.42345
6 6 0.42757
6 7 0.39830
6 8 0.43084
6 9 0.43274
6 10 0.44726
7 1 0.41217
7 2 0.42978
7 3 0.40428
7 4 0.43074
7 5 0.42469
7 6 0.42939
7 7 0.44137
7 8 0.42786
7 9 0.41566
7 10 0.42180
8 1 0.41645
8 2 0.42255
8 3 0.41328
8 4 0.46077
8 5 0.41096
8 6 0.42163
8 7 0.44818
8 8 0.44429
8 9 0.44078
8 10 0.44609
9 1 0.44995
9 2 0.45569
9 3 0.43877
9 4 0.42847
9 5 0.43825
9 6 0.48060
9 7 0.42085
9 8 0.43280
9 9 0.43672
9 10 0.42753
10 1 0.47228
10 2 0.42651
10 3 0.44664
10 4 0.44825
10 5 0.43073
10 6 0.48012
10 7 0.45213
10 8 0.45148
10 9 0.44379
10 10 0.42267
